785720
737166
1035037
1003619
1003546
665363
982045
1049510
883717
879336
595917
793499
844771
835491
736900
1037084
1029375
1029291
834516
1028696
1055954
1003484
1007231
838837
834757
586591
527680
846728
835672
856430
547283
844747
1201835
844759
753827
974920
983357
1306396
1003570
1003473
1037647
1035102
1001253
681400
885311
742405
761940
1084263
1195599
559976
1049040
675674
681062
852165
840291
243239
511512
677976
677985
850893
1259921
764448
203153
1291055
1129609
310115
1193983
191080
1120573
1081557
479584
523938
510516
662704
1260116
984396
597339
977354
220976
735166
244583
849336
476829
875165
526085
494381
460268
366683
794171
969621
927212
1242956
854602
835762
662169
178715
1267192
669857
717818
218742
1222255
838984
1016697
1229887
313295
916457
1027494
559703
1196610
474875
1037915
1240580
547339
1257982
670682
759902
761015
1001491
1003528
393243
341207
988024
1007328
975591
557356
673619
729713
1000562
1104253
1004417
669857
1250152
1255321
1003518
340090
369272
963011
978450
1029385
749650
1037936
826494
1029102
524609
1004390
1038093
673685
1007276
1038064
673185
1007226
1004339
1003466
